Clusters:

Number of Clusters: 8
WWGE: 90449.7030942295
[1.8310931899641576,1.346326164874552,1.6617383512544803,1.314964157706093,1.010752688172043,0.0,0.0,0.0,0.0,0.0,0.0,0.0,0.0,0.0,0.0]
[5.3476923076923075,6.707692307692308,4.96,3.5876923076923077,3.0523076923076924,0.0,0.0,0.0,0.0,0.0,0.0,0.0,0.0,0.0,0.0]
[22.43030303030303,30.509090909090908,20.666666666666668,16.69090909090909,12.030303030303031,0.0,0.0,0.0,0.0,0.0,0.0,0.0,0.0,0.0,0.0]
[13.782407407407407,23.36111111111111,13.347222222222221,11.041666666666666,8.291666666666666,0.0,0.0,0.0,0.0,0.0,0.0,0.0,0.0,0.0,0.0]
[20.576576576576578,21.52252252252252,18.445945945945947,12.81981981981982,11.112612612612612,0.0,0.0,0.0,0.0,0.0,0.0,0.0,0.0,0.0,0.0]
[8.989830508474576,12.359322033898305,8.867796610169492,6.874576271186441,5.172881355932203,0.0,0.0,0.0,0.0,0.0,0.0,0.0,0.0,0.0,0.0]
[14.355648535564852,15.443514644351463,13.330543933054392,10.280334728033472,8.560669456066945,0.0,0.0,0.0,0.0,0.0,0.0,0.0,0.0,0.0,0.0]
[1.4404973357015987,3.684724689165187,1.2921847246891653,1.0088809946714032,0.8134991119005329,0.0,0.0,0.0,0.0,0.0,0.0,0.0,0.0,0.0,0.0]
       2,3
4,7
7,7
16,0
40,0
42,0
50,0
56,2
90,0
101,0
110,3
134,0
164,2
202,0
218,6
238,7
243,0
272,4
305,7
326,3
359,0
380,6
434,3
460,0
471,0
488,5
542,6
590,7
596,1
650,1
654,0
662,0
671,0
698,0
704,5
711,0
741,7
758,5
771,7
792,0
812,7
819,0
837,0
842,0
863,0
866,0
880,0
887,0
888,7
899,0
912,7
920,7
927,0
949,7
974,0
1035,0
1049,7
1078,7
1089,1
1143,1
1181,0
1197,1
1217,7
1231,7
1251,1
1277,7
1285,7
1294,0
1305,5
1314,7
1326,7
1339,0
1359,1
1413,4
1431,7
1436,7
1437,0
1451,7
1467,4
1480,7
1497,0
1509,7
1521,6
1551,7
1575,2
1613,0
1629,2
1662,0
1683,2
1687,0
1736,7
1737,4
1743,7
1766,0
1791,3
1845,4
1853,7
1899,3
1909,7
1919,0
1953,6
2007,3
2061,6
2071,0
2115,6
2161,0
2169,5
2180,7
2221,0
2223,1
2258,0
2277,1
2311,0
2322,0
2328,0
2331,0
2355,0
2385,7
2406,7
2413,0
2439,0
2446,7
2473,7
2493,7
2500,1
2570,0
2574,0
2608,1
2630,0
2655,0
2662,1
2680,0
2688,0
2716,6
2763,7
2770,1
2808,7
2824,5
2878,5
2932,6
2978,0
2986,6
3003,7
3018,0
3037,0
3040,4
3084,0
3094,3
3095,0
3128,7
3148,2
3178,7
3202,2
3256,6
3268,0
3291,0
3304,7
3310,4
3332,0
3364,4
3372,0
3388,7
3418,2
3425,0
3472,3
3497,0
3526,3
3530,7
3580,5
3598,0
3613,0
3631,7
3634,3
3642,0
3672,0
3688,5
3742,1
3794,0
3796,7
3803,0
3805,0
3806,7
3814,0
3823,0
3850,1
3883,7
3904,0
3937,7
3958,0
3965,7
3992,0
4002,0
4009,0
4012,0
4019,0
4037,0
4073,7
4108,7
4121,0
4123,0
4127,7
4144,7
4155,7
4181,7
4216,0
4228,7
4235,1
4255,0
4284,0
4289,5
4316,0
4329,7
4336,7
4343,5
4357,0
4397,5
4400,7
4451,5
4485,7
4504,0
4505,6
4556,0
4559,4
4562,0
4611,7
4613,4
4619,0
4667,4
4690,7
4698,0
4721,4
4775,2
4805,0
4823,7
4829,6
4883,4
4912,7
4924,7
4937,6
4962,0
4991,2
5005,0
5011,0
5045,4
5099,6
5146,7
5153,5
5207,6
5224,0
5228,0
5232,0
5239,0
5261,1
5303,0
5310,7
5315,5
5320,0
5334,0
5353,0
5369,0
5376,7
5392,7
5423,7
5477,7
5531,7
5538,0
5553,0
5609,7
5618,7
5627,0
5639,0
5642,0
5646,0
5681,7
5735,0
5754,7
5784,7
5808,0
5862,5
5916,5
5970,6
5971,0
6024,5
6045,7
6078,3
6087,7
6099,7
6130,7
6132,6
6148,0
6186,3
6228,7
6240,2
6294,4
6306,0
6326,7
6348,6
6350,0
6365,0
6382,7
6402,4
6426,7
6456,3
6510,2
6524,0
6531,0
6564,4
6586,0
6597,7
6613,0
6618,3
6635,0
6660,0
6672,6
6688,7
6690,7
6726,5
6736,7
6777,7
6780,1
6783,0
6821,0
6834,1
6888,1
6942,1
6984,0
6988,7
6996,7
7050,7
7057,0
7104,7
7136,0
7159,0
7165,7
7219,5
7244,0
7247,0
7273,1
7293,7
7297,0
7327,1
7358,7
7360,0
7381,1
7435,5
7488,0
7489,5
7507,0
7529,0
7543,5
7548,7
7587,0
7595,7
7597,4
7651,6
7705,3
7726,0
7728,0
7759,3
7784,7
7805,0
7813,3
7867,3
7872,0
7921,3
7929,7
7971,0
7975,3
8013,0
8029,6
8064,0
8083,4
8113,0
8116,0
8118,7
8130,7
8137,4
8191,6
8245,6
8299,3
8353,1
8379,0
8407,1
8410,0
8447,0
8454,0
8461,1
8493,0
8515,1
8519,7
8520,0
8551,0
8569,7
8639,0
8677,7
8684,0
8689,7
8731,0
8738,7
8792,7
8812,0
8826,0
8845,0
8846,1
8869,0
8880,0
8884,0
8900,1
8926,7
8954,1
8976,0
8978,0
9008,5
9014,0
9061,0
9062,1
9116,3
9156,7
9170,5
9198,0
9224,3
9278,4
9284,0
9311,0
9317,7
9320,0
9332,4
9337,0
9386,2
9440,6
9494,2
9495,7
9526,7
9527,0
9548,6
9554,7
9555,0
9574,0
9576,0
9586,7
9597,0
9602,2
9638,0
9656,2
9665,7
9692,0
9704,0
9710,4
9764,4
9771,7
9818,1
9828,0
9872,5
9873,7
9926,1
9952,0
9980,1
10034,1
10062,7
10088,0
10092,7
10107,7
10131,0
10149,0
10196,0
10203,1
10212,7
10241,7
10250,7
10257,7
10304,0
10307,0
10310,0
10311,7
10323,7
10365,5
10392,0
10419,1
10437,0
10473,5
10505,7
10527,5
10568,0
10577,0
10581,6
10585,7
10590,0
10619,0
10632,0
10635,4
10637,7
10669,7
10689,4
10701,0
10706,7
10729,0
10743,6
10748,0
10768,0
10797,5
10851,4
10905,2
10959,2
10964,7
11010,0
11013,2
11017,7
11018,0
11043,0
11063,7
11067,4
11095,7
11116,7
11121,4
11148,0
11175,2
11229,6
11235,0
11283,4
11337,6
11391,5
11429,0
11445,5
11446,0
11487,0
11492,0
11497,0
11499,1
11553,1
11605,7
11607,1
11624,7
11639,7
11661,0
11666,7
11690,7
11699,0
11709,7
11715,0
11765,0
11776,7
11824,0
11830,0
11833,0
11884,1
11938,7
11954,0
11987,0
11992,1
12001,0
12021,0
12032,0
12039,0
12046,1
12100,6
12154,1
12208,6
12218,0
12262,4
12280,0
12285,7
12288,7
12298,0
12316,6
12330,0
12351,7
12366,0
12370,4
12396,7
12424,2
12478,3
12532,6
12586,2
12618,0
12640,4
12663,0
12664,0
12694,4
12700,0
12716,0
12740,0
12748,2
12794,7
12802,6
12833,7
12844,0
12856,5
12888,0
12906,0
12910,6
12964,6
12965,0
12968,7
13018,5
13065,7
13072,7
13094,0
13126,1
13180,1
13202,0
13213,0
13218,0
13233,7
13234,7
13255,0
13259,7
13288,7
13308,0
13334,7
13349,7
13369,7
13403,7
13414,0
13457,0
13468,7
13491,0
13511,7
13518,0
13529,0
13532,7
13565,1
13615,0
13619,7
13666,0
13670,7
13673,1
13727,5
13781,3
13835,5
13889,3
13914,0
13923,7
13943,2
13945,0
13997,2
14000,0
14006,7
14024,0
14051,6
14057,7
14105,4
14159,3
14166,7
14213,6
14267,3
14314,7
14321,6
14356,7
14363,0
14375,3
14429,6
14468,0
14483,6
14537,5
14545,0
14591,1
14627,0
14645,7
14654,0
14668,0
14699,0
14702,0
14739,0
14760,0
14779,7
14807,0
14836,7
14840,0
14861,0
14880,0
14903,0
14915,0
14922,7
14930,0
14969,0
14976,1
14987,0
14995,0
15030,1
15035,7
15060,0
15079,0
15084,1
15114,0
15123,7
15138,5
15178,0
15192,5
15246,3
15263,7
15269,0
15293,0
15300,5
15354,6
15366,0
15383,0
15398,0
15408,5
15431,0
15455,7
15462,6
15464,0
15480,7
15505,0
15516,3
15570,4
15572,0
15587,0
15591,7
15604,0
15618,7
15624,2
15678,3
15732,3
15750,7
15780,0
15786,4
15835,7
15840,5
15841,7
15844,0
15894,5
15915,7
15929,0
15948,3
15997,7
16002,5
16009,0
16030,7
16056,5
16059,0
16090,7
16100,0
16110,5
16113,0
16133,7
16164,1
16205,0
16216,0
16229,0
16243,7
16272,7
16279,0
16318,0
16326,0
16354,0
16358,0
16380,7
16387,0
16396,0
16434,0
16441,0
16466,0
16477,0
16549,7
16603,1
16657,5
16673,0
16685,7
16704,0
16711,1
16717,0
16723,0
16765,5
16774,7
16789,0
16794,0
16819,5
16827,0
16845,0
16870,0
16873,6
16927,6
16979,0
16981,4
16993,0
17007,7
17011,0
17029,0
17035,6
17061,0
17089,5
17140,0
17143,4
17197,6
17230,7
17233,0
17251,4
17264,0
17275,7
17283,7
17305,2
17315,0
17359,4
17413,3
17467,3
17521,6
17564,0
17575,5
17577,0
17585,0
17618,0
17629,5
17636,0
17643,0
17645,0
17664,0
17683,5
17696,0
17737,1
17772,0
17791,0
17845,1
17899,1
17904,0
17913,0
17963,0
18014,7
18022,7
18049,0
18068,1
18095,7
18122,1
18176,1
18193,0
18202,0
18230,5
18238,0
18255,0
18274,7
18284,5
18285,7
18338,6
18340,0
18341,0
18342,0
18392,3
18411,0
18415,0
18422,7
18446,4
18500,3
18545,0
18554,3
18558,0
18582,0
18594,7
18608,4
18635,0
18645,0
18662,3
18668,7
18671,7
18677,7
18684,0
18716,3
18723,7
18770,4
18776,7
18790,7
18824,3
18842,0
18850,0
18873,0
18878,4
18889,0
18916,0
18932,6
18986,2
19040,4
19091,7
19094,6
19104,0
19148,6
19202,5
19256,5
19263,7
19310,1
19343,0
19380,0
19418,0
19472,0
19474,0
19479,7
19499,0
19500,0
19525,0
19527,7
19539,7
19554,7
19587,7
19589,0
19641,1
19648,0
19654,0
19657,0
19667,0
19695,5
19722,0
19749,1
19780,0
19793,7
19803,5
19819,0
19857,5
19858,0
19874,0
19911,6
19963,0
19965,3
20019,5
20039,0
20073,2
20107,7
20116,0
20118,7
20127,4
20138,7
20163,0
20174,0
20181,2
20235,2
20260,7
20277,0
20289,6
20320,0
20343,4
20397,4
20398,0
20451,5
20454,7
20470,7
20479,7
20504,0
20505,4
20559,3
20602,0
20613,6
20630,0
20667,6
20691,0
20721,5
20732,0
20771,7
20775,5
20794,0
20806,0
20829,1
20840,0
20855,7
20874,0
20883,7
20890,0
20930,0
20937,0
21021,7
21052,0
21097,0
21098,0
21099,0
21103,0
21106,7
21117,0
21130,0
21136,7
21137,0
21160,0
21180,0
21184,7
21197,0
21214,7
21231,0
21251,7
21269,0
21320,7
21322,1
21344,0
21345,0
21347,7
21366,0
21375,0
21376,1
21420,0
21430,5
21442,0
21446,7
21476,0
21484,5
21492,0
21529,0
21538,3
21592,6
21646,3
21656,0
21663,7
21700,2
21754,2
21808,3
21862,3
21916,4
21970,2
22009,0
22012,0
22024,4
22046,0
22078,1
22096,0
22132,3
22181,7
22182,7
22186,5
22194,0
22213,0
22221,0
22232,0
22240,5
22248,0
22293,0
22294,5
22296,0
22348,0
22402,1
22454,0
22456,1
22501,0
22558,7
22564,7
22571,0
22603,0
22625,0
22629,7
22646,0
22663,0
22679,1
22733,1
22742,7
22787,1
22800,7
22841,1
22862,7
22880,7
22895,5
22913,0
22948,0
22949,5
22965,7
22969,0
22993,0
22999,7
23003,6
23004,0
23033,7
23053,0
23057,3
23093,7
23111,3
23165,3
23219,2
23269,0
23273,4
23287,7
23327,2
23368,0
23381,6
23403,0
23435,4
23475,7
23489,6
23525,0
23543,4
23587,7
23590,0
23597,5
23625,0
23647,0
23651,3
23652,7
23673,7
23705,3
23708,7
23731,0
23750,7
23759,1
23769,7
23813,1
23856,7
23861,0
23867,1
23873,0
23921,7
23959,7
23975,7
23979,0
24003,7
24015,7
24029,0
24041,0
24044,0
24090,0
24099,0
24123,0
24129,0
24137,0
24144,0
24161,0
24198,7
24203,7
24211,7
24236,0
24259,0
24295,7
24306,1
24309,0
24335,0
24342,0
24344,0
24346,7
24357,0
24360,6
24365,0
24368,7
24414,1
24428,0
24440,7
24468,6
24473,0
24494,7
24504,0
24514,7
24522,6
24576,6
24617,0
24623,0
24630,4
24658,0
24683,7
24684,5
24732,0
24734,0
24738,3
24787,7
24792,2
24846,2
24867,0
24900,4
24954,4
24973,0
24986,7
25005,0
25008,6
25062,3
25073,0
25078,0
25091,0
25110,7
25116,3
25141,0
25149,7
25155,7
25170,6
25187,0
25224,6
25241,7
25271,7
25278,5
25332,5
25386,1
25440,1
25452,0
25471,7
25494,0
25501,7
25509,0
25527,0
25548,0
25602,0
25609,0
25656,0
25696,7
25697,0
25754,0
25771,7
25825,0
25844,0
25879,0
25892,7
25928,0
25933,1
25947,0
25973,0
25987,5
25999,0
26041,3
26048,7
26077,7
26095,6
26100,7
26114,7
26149,5
26185,0
26203,5
26206,7
26248,0
26257,6
26282,7
26310,7
26311,2
26365,4
26375,7
26384,0
26386,0
26397,0
26419,2
26429,0
26473,4
26527,2
26529,0
26536,7
26550,0
26558,0
26568,0
26581,4
26635,4
26670,7
26684,7
26689,3
26743,3
26797,5
26829,0
26851,1
26868,0
26905,5
26943,7
26946,0
26959,5
26961,0
27013,1
27046,7
27067,0
27077,0
27116,7
27120,0
27128,0
27157,0
27172,0
27175,1
27215,0
27236,1
27247,7
27251,7
27283,0
27344,7
27366,7
27398,1
27417,0
27437,0
27439,0
27452,7
27456,7
27506,5
27527,0
27545,7
27549,0
27560,1
27591,0
27614,5
27622,0
27642,0
27645,7
27668,4
27678,0
27681,7
27722,6
27730,0
27776,6
27789,7
27830,2
27884,3
27887,7
27938,2
27949,0
27992,4
28046,3
28047,7
28077,0
28100,3
28102,0
28152,0
28154,4
28197,0
28208,2
28262,2
28301,7
28303,0
28316,5
28348,0
28351,7
28370,5
28376,0
28377,0
28424,5
28478,5
28486,7
28509,0
28517,7
28520,0
28522,0
28527,0
28532,1
28539,7
28586,1
28640,1
28688,0
28690,0
28694,1
28707,7
28711,7
28755,0
28802,7
28803,0
28809,0
28863,7
28917,7
28918,7
28960,0
28961,0
28964,0
28971,1
29025,1
29043,0
29079,1
29133,1
29171,0
29181,0
29187,6
29241,6
29271,0
29295,4
29349,2
29386,0
29395,0
29403,6
29457,4
29511,2
29546,7
29560,0
29565,2
29604,7
29619,4
29673,3
29727,4
29755,0
29773,7
29781,3
29830,0
29835,5
29850,0
29866,7
29889,3
29943,5
29997,5
30023,0
30051,1
30105,1
30125,7
30132,0
30159,7
30207,0
30220,7
30255,0
30266,0
30310,7
30321,0
30328,7
30436,1
30454,0
30490,7
30544,1
30575,0
30598,1
30600,0
30652,5
30692,0
30705,0
30706,6
30760,6
30767,7
30774,0
30775,0
30779,0
30814,4
30823,7
30834,7
30848,0
30868,2
30914,7
30922,5
30934,0
30976,2
31012,7
31030,4
31048,0
31057,0
31073,0
31084,2
31133,0
31138,4
31192,6
31194,0
31246,3
31247,7
31259,0
31297,0
31300,4
31324,0
31354,3
31393,0
31408,3
31437,7
31452,7
31462,5
31467,0
31516,1
31546,7
31570,1
31586,0
31608,0
31624,7
31638,0
31678,1
31685,0
31692,0
31732,1
31786,1
31791,0
31793,7
31810,0
31840,0
31847,0
31860,7
31870,0
31910,0
31919,0
31948,0
31955,0
31983,0
32002,0
32009,7
32062,0
32063,1
32081,7
32108,0
32110,0
32117,1
32120,0
32137,7
32140,7
32149,0
32164,0
32171,1
32225,1
32239,0
32279,5
32295,0
32333,4
32362,0
32369,0
32387,6
32425,0
32428,1
32441,6
32446,7
32477,0
32495,2
32500,7
32549,6
32600,7
32603,6
32618,7
32629,0
32639,0
32657,2
32665,7
32699,0
32702,0
32711,4
32716,0
32765,4
32819,4
32862,0
32873,6
32896,0
32927,6
32979,0
32981,3
33024,0
33035,5
33041,0
33043,7
33054,7
33089,1
33117,0
33136,7
33143,1
33150,0
33153,7
33167,0
33197,5
33251,7
33257,7
33297,0
33305,0
33321,0
33330,0
33363,0
33408,0
33413,0
33467,0
33474,1
33489,0
33516,7
33528,1
33533,0
33537,7
33582,0
33636,1
33646,0
33676,7
33690,5
33744,5
33798,3
33806,0
33839,0
33852,3
33862,0
33875,0
33906,3
33960,4
34014,6
34017,7
34022,0
34031,7
34060,7
34068,3
34083,0
34086,0
34091,0
34122,3
34166,0
34176,2
34216,0
34220,0
34224,0
34230,4
34284,4
34285,0
34306,0
34310,7
34338,4
34360,0
34392,3
34424,7
34446,6
34499,0
34500,5
34526,0
34530,0
34534,0
34554,2
34608,5
34611,0
34641,0
34662,5
34689,0
34716,1
34770,0
34824,0
34878,7
34939,0
34940,0
34945,0
34986,7
35040,0
35042,7
35047,7
35101,1
35124,0
35155,1
35209,5
35218,7
35263,1
35264,0
35285,0
35289,0
35317,5
35371,3
35419,0
35425,4
35463,0
35479,6
35529,0
35533,3
35587,3
35641,6
35647,7
35692,7
35695,2
35749,2
35762,7
35785,0
35803,3
35817,0
35857,3
35898,0
35911,2
35940,0
35965,6
35979,0
35987,7
36003,0
36019,5
36057,7
36070,0
36073,5
36084,0
36090,0
36127,5
36181,5
36235,5
36262,7
36289,1
36343,1
36354,0
36356,7
36397,7
36441,0
36451,1
36458,0
36505,0
36530,0
36566,7
36570,7
36572,0
36593,0
36620,1
36643,0
36674,1
36701,0
36706,0
36709,0
36728,1
36744,0
36758,0
36782,5
36836,1
36850,0
36860,0
36890,5
36891,7
36905,0
36908,0
36919,7
36944,5
36998,5
37047,0
37052,5
37078,0
37083,7
37106,3
37160,2
37180,7
37214,3
37263,0
37268,2
37296,0
37322,4
37376,4
37389,0
37430,4
37431,0
37484,4
37521,0
37532,0
37538,6
37541,0
37556,0
37592,2
37612,7
37646,3
37653,7
37675,0
37700,5
37729,7
37748,7
37754,1
37755,0
37785,0
37792,0
37793,0
37808,5
37810,7
37827,0
37831,0
37839,0
37862,1
37867,0
37875,7
37916,1
37921,0
37926,7
37963,0
37980,7
38024,7
38034,0
38035,0
38056,0
38121,0
38139,0
38143,0
38157,7
38170,0
38207,0
38211,0
38228,0
38236,0
38238,0
38247,1
38301,1
38355,5
38356,0
38363,7
38377,7
38406,0
38409,5
38418,0
38457,0
38463,5
38468,7
38509,0
38517,5
38557,0
38571,6
38596,0
38607,0
38625,4
38641,0
38672,7
38679,3
38696,7
38701,0
38702,0
38733,2
38787,4
38811,7
38841,3
38867,0
38869,0
38895,2
38949,6
38958,0
38961,0
39003,4
39057,6
39101,0
39111,4
39148,0
39165,5
39185,7
39219,1
39256,0
39269,0
39273,5
39274,0
39296,0
39327,5
39352,0
39381,7
39403,0
39435,1
39489,7
39524,0
39552,7
39597,0
39600,0
39658,0
39693,7
39712,1
39713,0
39714,7
39766,0
39772,7
39797,7
39820,1
39874,1
39907,0
39917,0
39928,5
39949,0
39972,7
39982,1
40035,0
40036,3
40075,0
40082,0
40090,3
40144,4
40156,0
40157,0
40172,7
40198,4
40226,0
40252,4
40266,0
40272,0
40306,4
40324,0
40360,3
40363,0
40377,0
40378,7
40414,2
40465,7
40468,2
40522,3
40530,7
40559,0
40560,0
40576,2
40578,0
40591,0
40618,0
40630,5
40644,0
40653,0
40655,0
40684,3
40703,0
40722,0
40726,0
40738,5
40792,5
40839,7
40846,3
40891,7
40900,5
40946,0
40954,7
40973,7
40994,0
41008,0
41015,0
41062,1
41132,0
41160,0
41231,1
41233,0
41241,0
41285,1
41339,7
41342,0
41371,0
41393,7
41401,7
41447,1
41460,0
41470,0
41471,7
41483,0
41501,5
41514,0
41539,0
41555,5
41609,5
41625,0
41628,0
41663,3
41693,0
41706,0
41717,4
41719,0
41754,7
41771,2
41782,0
41785,7
41825,4
41832,0
41864,0
41879,2
41881,0
41897,0
41907,0
41933,4
41987,4
41997,7
42041,4
42070,0
42082,0
42095,2
42112,0
42149,3
42203,6
42257,6
42262,7
42265,0
42311,3
42329,0
42365,5
42378,0
42387,0
42393,0
42414,7
42419,1
42473,0
42483,7
42491,0
42509,0
42513,7
42527,1
42529,7
42533,0
42547,7
42575,0
42581,0
42635,0
42696,0
42743,7
42747,0
42774,0
42781,0
42804,0
42858,7
42891,0
42892,0
42897,7
42900,7
42904,0
42912,1
42966,1
42997,0
43020,5
43074,5
43114,7
43128,5
43136,7
43158,0
43182,4
43184,0
43189,7
43203,7
43215,0
43236,3
43290,6
43322,0
43344,4
43376,0
43398,3
43452,2
43480,0
43506,3
43536,7
43560,2
43562,0
43564,0
43614,2
43618,0
43668,6
43690,7
43722,4
43736,0
43737,7
43747,0
43776,6
43830,6
43867,7
43884,5
43938,0
43976,0
43992,0
44016,7
44046,1
44053,7
44100,1
44107,0
44110,7
44140,7
44154,0
44157,0
44161,7
44181,7
44242,7
44262,0
44269,1
44314,0
44323,7
44335,0
44416,0
44426,0
44431,0
44445,7
44456,0
44475,0
44485,1
44502,7
44513,0
44524,0
44539,5
44561,0
44565,0
44593,6
44627,0
44636,7
44638,0
44647,6
44678,0
44701,3
44724,7
44755,4
44791,0
44798,0
44809,6
44839,0
44852,7
44863,4
44917,4
44918,0
44966,0
44971,2
44988,0
45025,2
45068,0
45074,0
45077,0
45079,3
45085,0
45099,0
45104,7
45133,2
45150,7
45171,0
45187,4
45190,0
45194,0
45227,7
45241,6
45251,0
45261,0
45295,3
45349,3
45358,0
45359,0
45403,3
45413,0
45430,7
45451,0
45457,3
45480,0
45511,1
45565,1
45572,7
45648,0
45670,7
45727,1
45734,0
45767,7
45781,7
45835,7
45896,5
45904,7
45950,7
45965,0
45999,0
46004,0
46037,0
46058,1
46079,0
46092,0
46111,7
46112,1
46135,0
46166,5
46167,0
46175,0
46205,7
46220,6
46235,0
46249,0
46274,6
46328,3
46347,7
46382,4
46387,7
46428,0
46436,6
46472,7
46490,6
46499,0
46544,4
46598,4
46652,3
46706,4
46760,5
46761,7
46764,0
46814,3
46868,6
46869,0
46903,7
46922,3
46960,0
46976,5
47018,7
47030,1
47056,0
47070,0
47084,1
47101,7
47104,0
47138,0
47192,1
47246,7
47274,0
47292,0
47331,7
47382,0
47398,0
47415,0
47425,0
47468,0
47469,1
47482,7
47512,0
47523,1
47549,7
47577,1
47620,0
47631,1
47674,0
47685,6
47709,7
47719,0
47738,0
47739,5
47793,6
47822,0
47847,6
47849,0
47864,0
47901,3
47955,2
47974,0
48009,4
48063,4
48113,0
48117,3
48171,2
48214,0
48225,2
48250,0
48279,4
48286,0
48311,7
48319,0
48332,0
48333,6
48342,0
48363,7
48387,4
48441,6
48464,7
48478,0
48482,7
48490,0
48495,5
48531,7
48545,7
48549,6
48603,5
48621,7
48634,7
48657,7
48711,1
48716,0
48730,7
48754,7
48760,7
48765,1
48790,0
48819,0
48830,0
48850,0
48867,7
48880,0
48919,0
48927,1
48934,7
48988,1
49007,0
49011,0
49041,0
49042,7
49074,0
49096,1
49098,0
49105,0
49124,0
49147,0
49150,5
49159,0
49180,0
49204,4
49208,0
49258,6
49269,0
49287,0
49288,0
49301,0
49309,0
49312,5
49322,0
49364,0
49366,4
49382,0
49389,0
49420,4
49427,0
49474,6
49475,0
49483,7
49528,2
49558,0
49580,0
49582,6
49627,0
49633,0
49636,4
49663,7
49664,0
49690,5
49705,7
49744,2
49762,0
49770,7
49782,7
49798,3
49845,0
49852,3
49866,7
49906,3
49919,0
49929,0
49946,0
49960,6
50014,5
50031,0
50068,5
50095,7
50122,1
50152,0
50176,5
50230,0
50239,0
50249,0
50284,7
50291,7
50325,7
50370,7
50383,7
50392,7
50437,7
50453,0
50507,0
50514,0
50538,0
50561,0
50569,7
50581,0
50615,1
50623,7
50626,0
50657,0
50669,1
50685,7
50723,1
50771,0
50777,5
50802,0
50804,0
50812,0
50830,0
50831,5
50840,0
50859,0
50885,6
50888,7
50915,0
50923,7
50939,4
50941,7
50954,0
50993,6
51009,0
51047,3
51055,0
51101,2
51132,0
51155,3
51159,0
51184,0
51193,0
51209,4
51252,0
51261,0
51263,4
51315,7
51316,0
51317,4
51362,7
51371,6
51409,0
51425,4
51430,0
51479,6
51480,0
51513,0
51523,0
51525,7
51533,6
51557,0
51560,0
51587,3
51641,6
51654,0
51695,1
51700,0
51749,1
51768,0
51803,1
51837,0
51857,7
51864,0
51889,7
51890,0
51918,7
51926,0
51969,7
51972,0
52026,7
52084,0
52098,0
52105,0
52134,1
52169,0
52188,0
52207,0
52231,0
52242,1
52281,0
52296,1
52319,7
52350,1
52357,7
52382,7
52388,7
52393,0
52404,2
52419,7
52458,3
52470,0
52485,0
52512,4
52516,0
52519,0
52534,0
52566,2
52620,4
52674,2
52685,0
52699,0
52728,3
52731,7
52746,0
52782,2
52808,0
52809,0
52836,4
52846,0
52854,0
52857,7
52890,3
52891,0
52892,7
52909,7
52944,2
52958,7
52973,7
52987,0
52998,4
53032,0
53052,5
53058,0
53071,0
53106,5
53160,5
53170,0
53178,7
53214,3
53232,0
53247,0
53266,0
53268,1
53292,7
53322,1
53335,0
53336,0
53346,7
53376,7
53383,7
53394,0
53429,0
53430,7
53432,7
53438,7
53484,7
53500,7
53525,7
53544,7
53545,7
53550,0
53599,0
53615,0
53620,7
53633,7
53643,0
53653,7
53691,0
53693,0
53696,7
53700,0
53707,7
53761,5
53767,0
53788,7
53801,0
53815,1
53869,6
53895,7
53923,5
53926,0
53977,3
53981,0
53982,7
54011,0
54031,6
54085,6
54097,0
54139,2
54153,0
54193,2
54220,7
54221,0
54232,0
54247,2
54256,0
54272,0
54279,0
54281,0
54301,2
54334,0
54355,3
54379,0
54392,0
54409,3
54412,0
54463,2
54494,0
54514,7
54517,3
54552,0
54571,3
54584,0
54587,0
54611,7
54625,6
54634,0
54640,0
54674,0
54679,5
54682,7
54710,0
54720,0
54733,5
54741,0
54774,0
54777,0
54787,1
54841,1
54883,0
54895,1
54902,0
54935,0
54949,7
54950,0
54951,7
54966,7
55003,0
55008,7
55017,0
55018,7
55027,7
55037,7
55045,0
55057,0
55064,7
55067,7
55072,0
55093,7
55113,0
55118,7
55131,7
55139,0
55140,0
55172,0
55226,7
55280,1
55283,7
55289,0
55323,7
55332,0
55334,1
55336,0
55347,0
55357,7
55388,1
55401,0
55422,0
55442,6
55447,7
55496,5
55500,0
55530,0
55541,0
55550,5
55604,6
55628,0
55658,2
55712,6
55741,7
55766,2
55782,0
55807,0
55820,2
55835,0
55874,2
55928,4
55953,7
55972,7
55982,6
55997,0
56017,7
56033,0
56036,5
56070,0
56076,0
56090,6
56103,7
56130,0
56143,7
56144,6
56179,0
56198,3
56252,5
56271,7
56277,0
56306,5
56340,0
56352,7
56355,0
56360,5
56375,0
56398,0
56414,1
56468,7
56522,7
56583,7
56606,0
56630,7
56632,0
56637,7
56647,0
56654,7
56655,0
56663,0
56668,0
56691,0
56707,7
56738,0
56755,0
56799,7
56814,7
56848,7
56853,1
56871,0
56907,1
56960,0
56961,5
57013,0
57015,5
57027,0
57069,3
57071,0
57080,0
57093,0
57123,6
57177,6
57182,0
57220,0
57231,2
57272,7
57273,0
57285,3
57290,0
57299,0
57304,0
57322,0
57332,0
57339,2
57373,7
57385,0
57393,4
57394,0
57396,0
57418,0
57431,0
57447,3
57501,6
57513,7
57535,7
57550,0
57555,4
57581,0
57593,0
57609,6
57640,7
57645,0
57660,0
57663,6
57670,0
57675,0
57699,0
57707,7
57715,7
57717,6
57771,5
57825,5
57852,0
57853,0
57879,1
57889,0
57890,0
57902,0
57925,0
57933,1
57975,7
57987,7
58041,0
58048,0
58057,0
58095,1
58102,0
58136,0
58157,0
58158,7
58187,0
58242,0
58264,1
58302,0
58310,0
58311,0
58318,1
58340,0
58356,7
58368,0
58372,1
58416,0
58426,1
58453,7
58479,0
58480,5
58504,0
58521,7
58530,0
58534,5
58580,0
58587,7
58588,3
58594,7
58596,0
58620,7
58642,4
58643,7
58677,7
58687,0
58690,0
58696,6
58728,0
58738,0
58746,7
58750,3
58768,0
58804,3
58858,4
58881,0
58884,0
58907,0
58912,2
58913,0
58916,7
58966,4
58972,0
58979,0
58983,7
59020,4
59063,0
59066,0
59074,3
59124,7
59128,4
59180,7
59182,5
59193,0
59236,3
59285,7
59290,3
59294,0
59309,0
59344,5
59350,0
59380,0
59398,1
59401,0
59404,0
59452,7
59488,0
59490,0
59496,7
59506,0
59527,0
59533,7
59539,7
59560,1
59571,7
59591,0
59594,0
59614,5
59619,0
59668,7
59675,0
59698,0
59758,0
59776,0
59783,1
59831,0
59836,7
59886,0
59891,1
59945,1
59999,5
60018,7
60023,0
60053,5
60092,0
60107,5
60121,7
60161,6
60198,0
60204,0
60210,7
60215,6
60267,0
60269,2
60273,0
60323,3
60335,0
60337,7
60340,7
60343,7
60364,0
60377,2
60414,0
60423,0
60431,2
60446,0
60485,4
60493,0
60539,4
60573,0
60579,0
60593,2
60614,0
60637,0
60647,4
60651,0
60678,0
60684,0
60701,6
60702,0
60742,0
60755,3
60784,0
60809,3
60863,3
60917,5
60971,5
60980,7
61025,1
61133,1
61140,0
61141,0
61151,0
61158,0
61181,7
61187,0
61191,0
61241,7
61248,7
61302,0
61319,0
61349,7
61356,1
61403,7
61410,1
61435,0
61438,0
61458,0
61464,1
61476,0
61518,7
61526,0
61538,0
61542,0
61567,7
61572,5
61603,7
61609,0
61616,0
61626,5
61680,6
61714,7
61716,0
61722,0
61734,4
61783,0
61788,4
61842,3
61896,2
61897,0
61950,6
61955,7
61965,0
61987,0
62004,6
62021,0
62045,7
62058,2
62062,0
62078,0
62085,0
62111,0
62112,6
62135,0
62157,0
62166,2
62195,7
62220,4
62225,0
62232,0
62234,0
62235,7
62274,3
62278,0
62299,0
62326,7
62328,6
62382,5
62436,5
62438,7
62449,0
62458,7
62467,0
62487,0
62490,5
62544,0
62545,0
62547,7
62570,0
62583,0
62598,1
62617,7
62633,7
62642,0
62652,1
62676,7
62694,7
62699,0
62706,0
62759,0
62760,1
62776,0
62841,0
62844,0
62875,1
62879,0
62881,7
62903,0
62929,7
62983,7
63037,1
63072,0
63085,0
63091,1
63102,0
63125,7
63132,0
63133,7
63145,1
63162,0
63177,0
63199,6
63200,0
63209,0
63214,7
63252,0
63253,5
63307,5
63308,0
63361,6
63362,0
63372,0
63410,0
63415,6
63430,7
63469,2
63474,0
63494,7
63523,4
63537,0
63577,2
63592,0
63606,0
63631,2
63685,4
63739,2
63793,6
63817,7
63824,0
63825,0
63847,5
63872,7
63873,0
63901,5
63921,0
63955,5
63978,7
63988,0
64009,1
64028,0
64063,5
64083,0
64098,7
64117,1
64171,1
64212,0
64225,7
64251,0
64279,1
64299,0
64317,0
64333,7
64340,0
64351,0
64394,7
64443,0
64444,0
64448,1
64456,7
64462,7
64469,0
64470,0
64495,7
64502,5
64521,0
64543,0
64553,0
64556,1
64558,0
64602,0
64610,5
64611,0
64628,0
64645,0
64654,7
64664,5
64718,5
64728,0
64745,7
64752,0
64772,6
64799,0
64819,0
64826,6
64856,7
64880,4
64911,0
64926,0
64934,6
64939,0
64970,0
64988,3
65002,0
65005,0
65027,0
65036,0
65042,3
65094,7
65096,2
65097,7
65135,0
65141,7
65150,4
65152,0
65204,3
65258,6
65291,0
65312,4
65317,0
65359,7
65366,6
65391,7
65420,2
65421,7
65442,0
65474,5
65492,0
65528,3
65554,7
65577,7
65582,1
65601,0
65636,1
65642,0
65690,0
65697,7
65730,7
65744,7
65747,0
65758,7
65767,0
65778,0
65798,7
65802,0
65829,0
65859,0
65865,0
65889,7
65902,7
65906,0
65909,0
65913,7
65954,0
65967,7
66014,0
66021,7
66043,0
66055,0
66063,7
66075,7
66093,0
66107,0
66129,5
66137,0
66167,0
66178,7
66183,5
66192,7
66208,0
66214,7
66236,0
66237,5
66243,7
66269,7
66290,7
66291,5
66304,7
66305,0
66328,0
66345,6
66368,0
66399,3
66411,0
66430,0
66453,6
66460,0
66469,7
66507,3
66516,7
66539,7
66546,0
66548,7
66556,0
66561,4
66583,7
66600,0
66607,0
66615,3
66669,2
66712,0
66723,4
66753,0
66775,0
66777,2
66785,0
66831,3
66833,0
66840,0
66877,0
66885,2
66887,0
66904,0
66935,0
66937,0
66939,4
66993,5
66994,0
67047,5
67048,0
67084,7
67088,7
67097,0
67101,4
67115,0
67119,7
67136,0
67140,0
67148,7
67155,5
67180,7
67191,0
67203,0
67209,1
67210,0
67237,7
67243,0
67263,7
67299,0
67300,7
67326,0
67354,7
67367,0
67371,0
67425,0
67436,7
67464,0
67497,0
67533,0
67540,0
67548,7
67561,0
67574,7
67578,0
67581,0
67594,7
67628,0
67631,0
67635,0
67636,0
67642,0
67648,5
67660,7
67666,0
67674,0
67693,7
67702,5
67729,7
67756,5
67784,0
67810,5
67834,0
67862,0
67864,1
67889,7
67918,3
67972,3
67976,7
67982,7
68021,0
68026,4
68043,7
68080,2
68087,0
68131,0
68134,4
68158,0
68188,2
68227,0
68242,4
68249,7
68254,0
68296,6
68350,4
68378,0
68404,3
68407,7
68419,7
68448,0
68458,2
68474,0
68512,6
68535,7
68548,0
68566,6
68579,7
68614,0
68620,6
68650,7
68658,7
68674,1
68681,0
68716,0
68721,0
68728,1
68733,0
68761,7
68766,0
68782,7
68789,0
68792,0
68836,7
68870,7
68890,0
68944,7
68951,7
68973,0
68995,7
68998,0
69045,0
69057,0
69059,7
69084,0
69111,0
69113,1
69160,0
69167,7
69184,7
69221,1
69256,0
69270,0
69275,5
69329,5
69337,0
69357,0
69361,7
69371,7
69383,5
69430,0
69437,3
69475,0
69491,3
69496,7
69514,0
69545,3
69565,7
69599,3
69653,2
69707,4
69744,7
69761,2
69791,0
69795,7
69815,4
69817,0
69842,0
69869,3
69884,0
69901,0
69923,4
69977,4
69978,0
70031,4
70056,7
70071,7
70076,0
70085,3
70125,7
70139,5
70193,5
70205,7
70231,0
70247,1
70256,0
70301,7
70367,0
70409,0
70411,0
70463,1
70470,0
70524,7
70562,7
70578,0
70608,0
70644,0
70658,7
70661,7
70670,7
70686,1
70719,0
70740,1
70793,0
70794,1
70802,0
70848,1
70868,0
70871,7
70895,0
70902,5
70919,0
70937,7
70956,6
70975,0
70980,0
71010,4
71019,7
71029,0
71052,7
71064,4
71095,0
71109,0
71118,4
71144,0
71162,0
71172,3
71181,0
71214,0
71226,6
71280,2
71296,0
71334,3
71358,7
71388,2
71393,0
71401,0
71407,7
71430,0
71442,4
71459,0
71495,0
71496,2
71499,0
71510,0
71528,0
71549,7
71550,6
71562,0
71575,7
71598,7
71604,6
71657,0
71658,6
71689,7
71712,6
71731,0
71734,0
71735,0
71745,7
71752,7
71766,5
71773,0
71777,7
71796,7
71820,3
71838,0
71872,7
71874,1
71928,0
71982,1
72017,0
72036,7
72041,7
72097,7
72109,7
72151,7
72161,0
72167,0
72176,0
72198,0
72201,0
72205,0
72221,0
72259,1
72264,0
72281,0
72282,0
72311,7
72313,1
72317,0
72349,7
72367,5
72421,1
72428,0
72434,0
72436,0
72462,0
72464,7
72474,0
72475,6
72515,0
72529,1
72530,0
72541,7
72552,0
72571,7
72583,3
72601,0
72605,7
72637,3
72671,0
72672,7
72691,3
72696,7
72727,0
72737,7
72740,0
72745,2
72759,0
72779,7
72798,0
72799,4
72819,0
72845,7
72853,2
72859,7
72864,0
72883,0
72904,0
72907,4
72915,0
72961,4
72990,0
73015,3
73034,0
73069,4
73109,0
73115,0
73123,6
73160,0
73177,6
73226,0
73231,5
73267,0
73268,0
73285,5
73315,0
73335,7
73336,0
73339,1
73366,0
73375,0
73393,1
73400,0
73409,0
73411,0
73447,1
73451,0
73454,0
73457,0
73465,0
73500,7
73501,0
73508,7
73616,7
73633,7
73648,7
73663,0
73670,0
73680,0
73714,0
73716,0
73724,0
73754,7
73775,7
73778,7
73794,0
73832,1
73875,0
73886,0
73922,7
73939,0
73940,5
73952,0
73967,0
73991,0
73994,1
73996,7
73999,7
74019,7
74048,6
74062,7
74102,4
74104,0
74110,0
74153,0
74156,4
74196,7
74202,0
74210,6
74218,7
74237,7
74253,0
74264,3
74265,7
74314,0
74318,4
74334,0
74348,7
74372,6
74413,0
74425,0
74426,3
74441,0
74452,0
74478,7
74480,4
74481,7
74488,0
74521,0
74530,0
74534,4
74542,0
74554,0
74588,6
74604,0
74608,0
74625,7
74626,0
74642,6
74659,0
74685,0
74692,0
74696,3
74732,7
74750,5
74772,0
74804,5
74858,5
74912,5
74943,0
74963,7
74966,0
74967,7
74979,0
75020,1
75046,0
75056,0
75060,0
75128,0
75139,0
75160,0
75192,0
75209,0
75225,0
75230,0
75233,0
75243,7
75259,7
75284,0
75297,7
75299,0
75343,0
75351,1
75361,0
75374,0
75405,5
75408,0
75436,7
75450,0
75459,7
75469,0
75505,0
75513,1
75514,7
75567,5
75593,0
75599,0
75609,0
75621,3
75623,7
75633,7
75652,0
75670,0
75675,6
75712,0
75713,0
75723,0
75729,4
75752,0
75773,0
75783,6
75790,0
75794,0
75807,0
75819,0
75820,0
75836,0
75837,2
75845,0
75869,7
75884,7
75885,0
75891,4
75896,7
75944,0
75945,6
75959,0
75964,0
75966,0
75975,7
75999,3
76007,0
76025,7
76032,0
76036,0
76037,0
76047,0
76053,2
76081,0
76107,6
76136,0
76141,0
76161,2
76163,0
76198,0
76215,6
76269,4
76271,7
76319,0
76323,6
76333,0
76341,0
76377,5
76396,0
76431,5
76438,0
76485,1
76539,7
76549,0
76593,1
76641,0
76647,0
76655,7
76678,0
76733,0
76762,7
76803,7
76816,0
76837,0
76851,0
76863,0
76870,7
76874,0
76876,0
76878,0
76884,0
76898,7
76923,0
76924,1
76938,7
76955,0
76978,1
77011,0
77032,1
77054,7
77058,0
77066,0
77073,0
77086,5
77095,0
77103,0
77123,0
77140,5
77155,7
77194,3
77248,2
77302,2
77347,7
77356,4
77401,7
77410,2
77420,0
77440,0
77461,0
77463,0
77464,2
77482,0
77484,0
77515,0
77518,3
77528,0
77572,4
77586,0
77626,4
77632,0
77677,0
77680,6
77703,7
77734,5
77749,0
77752,0
77772,7
77788,5
77834,0
77842,6
77846,0
77873,0
77877,0
77891,0
77896,5
77943,0
77950,5
77963,0
78004,1
78025,0
78040,0
78043,7
78047,7
78058,7
78065,0
78087,0
78092,0
78102,0
78112,1
78124,0
78133,0
78134,0
78173,7
78220,0
78256,7
78281,0
78291,0
78328,7
78335,0
78377,7
78389,0
78390,7
78397,0
78443,1
78445,0
78459,0
78484,0
78488,7
78497,1
78507,0
78538,7
78545,0
78551,5
78591,0
78594,0
78595,0
78605,5
78638,0
78659,5
78693,0
78701,7
78713,6
78739,0
78767,6
78781,0
78793,0
78817,0
78821,6
78846,7
78875,4
78877,0
78929,4
78969,0
78983,2
78989,0
78992,0
78996,7
79012,0
79016,0
79029,7
79037,6
79078,0
79091,4
79106,0
79111,0
79119,0
79145,3
79160,7
79164,7
79179,7
79191,7
79192,7
79199,4
79209,7
79213,7
79222,0
79253,3
79255,7
79267,0
79296,7
79305,7
79307,6
79317,0
79335,7
79345,0
79346,0
79354,0
79361,6
79393,7
79394,0
79415,3
79469,5
79523,5
79577,7
79583,7
79590,0
79597,0
79612,0
79622,0
79631,5
79654,7
79669,0
79685,1
79714,7
79739,0
79820,0
79847,0
79854,0
79870,7
79908,0
79947,0
79962,1
79966,0
80016,1
80070,5
80124,5
80167,0
80178,5
80214,0
80220,7
80232,5
80236,0
80237,0
80270,7
80286,6
80306,0
80330,0
80340,6
80377,7
80394,5
80404,0
80410,0
80414,0
80448,2
80467,0
80473,7
80502,3
80507,7
80552,0
80556,2
80561,0
80565,7
80600,0
80604,7
80610,6
80619,0
80621,7
80664,3
80672,0
80714,0
80718,3
80772,6
80786,0
80826,3
80845,0
80864,0
80880,2
80922,0
80934,4
80958,7
80959,0
80982,0
80988,5
81014,0
81042,5
81071,0
81095,7
81096,0
81119,0
81146,0
81178,0
81185,0
81204,7
81235,0
81248,7
81257,0
81258,1
81264,0
81291,0
81309,7
81319,0
81321,0
81322,0
81339,0
81363,0
81366,7
81374,7
81376,0
81386,0
81419,7
81427,0
81446,0
81457,7
81481,1
81483,0
81503,7
81533,7
81535,0
81582,0
81589,1
81643,1
81671,0
81697,5
81751,6
81774,0
81778,0
81804,7
81805,3
81815,7
81824,0
81842,7
81859,5
81869,0
81870,7
81874,0
81908,0
81913,4
81932,7
81935,7
81947,7
81967,2
82013,0
82021,2
82025,0
82031,7
82054,7
82075,2
82129,2
82142,7
82183,2
82237,3
82255,0
82266,7
82280,0
82291,3
82345,2
82378,7
82386,0
82388,0
82399,6
82453,4
82454,0
82485,0
82507,5
82513,7
82516,0
82524,0
82558,0
82561,5
82592,0
82605,0
82615,1
82662,7
82669,5
82694,7
82704,0
82721,7
82723,0
82726,7
82757,0
82776,0
82777,0
82786,7
82831,1
82841,1
82843,0
82885,0
82892,0
82906,0
82910,7
82917,0
82923,7
82939,0
82946,0
83000,0
83010,7
83076,7
83077,0
83108,1
83122,0
83162,0
83167,0
83182,0
83216,5
83252,0
83270,5
83298,0
83324,5
83347,0
83361,0
83378,2
83415,7
83432,4
83476,7
83486,2
83510,0
83518,0
83528,7
83530,0
83540,4
83562,0
83594,4
83648,3
83684,0
83702,4
83703,0
83705,0
83708,7
83720,7
83741,7
83756,3
83772,7
83781,0
83792,0
83810,3
83838,7
83864,4
83887,0
83904,0
83910,0
83918,6
83931,0
83955,0
83964,7
83965,0
83972,5
83985,0
84026,3
84080,5
84086,0
84088,7
84111,7
84125,0
84134,5
84188,5
84232,0
84242,0
84272,0
84284,7
84296,5
84304,0
84328,7
84332,7
84344,0
84348,0
84350,0
84356,0
84364,0
84396,0
84404,7
84409,0
84410,0
84411,0
84423,0
84429,7
84447,0
84458,1
84480,7
84519,1
84544,7
84550,0
84573,0
84620,0
84627,1
84681,0
84735,5
84745,0
84789,1
84817,7
84840,0
84843,3
84856,7
84881,0
84897,6
84923,0
84937,7
84951,4
84952,0
85005,4
85028,0
85059,6
85089,0
85093,0
85113,6
85132,0
85167,3
85191,0
85203,7
85221,2
85223,0
85243,7
85275,2
85329,4
85383,4
85409,0
85437,6
85450,0
85475,0
85479,0
85491,4
85545,6
85579,0
85599,6
85633,0
85653,5
85698,0
85707,1
85759,0
85761,1
85804,0
85815,1
85845,0
85849,0
85868,0
85869,1
85894,7
85930,0
85935,0
85948,7
85977,0
86003,0
86024,0
86038,0
86069,7
86085,7
86092,7
86095,7
86119,7
86132,7
86134,7
86146,1
86158,0
86185,7
86200,7
86203,0
86223,7
86230,0
86245,7
86247,0
86254,5
86304,0
86308,1
86362,5
86376,0
86400,0
86416,5
86470,6
86478,0
86500,0
86524,6
86531,0
86536,0
86555,0
86578,6
86609,7
86632,3
86651,0
86653,7
86686,2
86700,0
86721,0
86740,4
86794,3
86804,7
86826,7
86845,0
86848,6
86849,7
86877,0
86897,0
86902,6
86911,7
86924,0
86930,0
86940,0
86956,2
86971,0
87010,6
87064,4
87067,0
87077,0
87084,0
87118,6
87132,7
87144,7
87172,3
87175,7
87185,0
87191,0
87223,7
87225,7
87226,5
87249,0
87280,1
87307,0
87334,0
87339,0
87369,0
87388,1
87401,7
87420,0
87424,0
87438,0
87442,0
87479,0
87494,0
87496,7
87503,0
87523,0
87557,0
87569,0
87599,7
87604,0
87611,7
87632,7
87648,7
87656,7
87665,0
87681,0
87686,0
87719,7
87730,0
87768,0
87773,5
87827,1
87836,0
87875,0
87881,5
87884,0
87935,1
87942,7
87947,0
87960,0
87967,0
87989,6
88043,5
88070,7
88081,0
88097,3
88147,7
88151,6
88180,0
88205,2
88250,0
88252,0
88255,0
88259,4
88268,0
88277,0
88300,7
88307,7
88313,4
88335,7
88356,7
88367,2
88374,7
88421,2
88427,0
88437,7
88475,4
88516,0
88529,3
88574,7
88583,3
88587,7
88598,7
88615,0
88616,0
88617,0
88637,2
88638,0
88669,0
88691,3
88704,0
88745,5
88770,7
88799,5
88806,7
88827,0
88853,1
88877,7
88887,0
88907,1
88921,7
88961,1
88970,0
88991,0
89017,0
89020,0
89022,7
89076,7
89094,0
89096,0
89113,0
89130,0
89184,0
89206,7
89238,7
89260,7
89267,7
89292,7
89318,0
89320,7
89321,0
89325,0
89337,0
89346,7
89362,0
89400,1
89420,7
89430,0
89441,0
89454,5
89459,0
89494,7
89508,1
89541,0
89562,4
89616,5
89664,0
89666,7
89670,6
89678,7
89724,3
89757,7
89778,3
89801,0
89804,7
89821,7
89832,2
89886,2
89895,7
89923,0
89940,4
89948,7
89958,0
89963,0
89975,7
89994,3
90014,0
90035,0
90037,0
90048,4
90066,0
90102,3
90122,0
90130,7
90146,0
90156,2
90201,7
90210,3
90264,5
90282,7
90318,5
90372,5
90382,7
90398,0
90426,1
90461,0
90475,7
90480,0
90494,0
90521,0
90534,7
90541,7
90588,0
90627,0
90631,7
90642,0
90686,0
90696,7
90703,1
90730,0
90740,7
90757,0
90811,1
90827,0
90860,0
90865,1
90891,0
90892,0
90902,7
90919,1
90933,0
90973,1
90989,7
91009,0
91027,6
91081,3
91135,3
91145,0
91166,0
91178,0
91189,6
91242,0
91243,4
91284,0
91297,6
91298,0
91301,7
91329,0
91337,7
91340,7
91351,2
91382,7
91405,4
91438,7
91439,7
91440,0
91444,7
91448,7
91450,0
91459,3
91483,0
91513,2
91567,2
91586,0
91614,7
91621,5
91637,0
91675,4
91710,7
91727,7
91729,6
91752,0
91754,7
91765,7
91783,3
91825,7
91837,5
91839,7
91891,1
91945,0
91967,7
91999,1
92013,0
92053,0
92076,0
92093,7
92107,7
92155,7
92161,1
92210,0
92276,7
92330,1
92384,1
92393,0
92438,1
92485,0
92492,1
92510,0
92517,0
92546,5
92554,0
92556,0
92584,0
92597,7
92600,3
92619,0
92654,5
92666,0
92680,0
92690,0
92708,4
92720,0
92762,3
92795,0
92801,0
92816,2
92840,0
92870,2
92900,0
92924,4
92961,7
92978,4
92993,0
92995,0
93032,2
93083,0
93086,4
93094,0
93095,0
93131,7
93140,2
93154,0
93184,7
93192,7
93194,6
93218,0
93227,0
93248,5
93302,5
93345,0
93356,5
93361,0
93363,0
93365,0
93405,0
93410,6
93421,0
93436,0
93451,7
93464,1
93518,1
93527,0
93530,0
93572,1
93579,0
93626,0
93632,7
93633,7
93671,0
93680,0
93686,0
93697,0
93705,7
93714,0
93734,0
93736,0
93751,0
93783,0
93788,7
93795,7
93825,0
93838,0
93848,0
93849,1
93858,0
93870,0
93903,1
93937,0
93957,7
93977,0
94011,7
94058,7
94065,1
94111,7
94119,3
94173,5
94191,0
94227,4
94238,7
94243,7
94272,0
94281,4
94291,0
94294,0
94295,0
94335,6
94343,0
94375,7
94389,5
94403,0
94443,4
94447,7
94497,3
94527,0
94529,0
94545,0
94551,3
94553,7
94568,0
94605,6
94612,7
94640,0
94659,4
94672,0
94713,2
94758,0
94767,2
94785,0
94821,6
94867,7
94869,0
94875,6
94929,6
94931,0
94970,7
94972,0
94983,5
95029,0
95030,0
95037,1
95090,0
95091,1
95105,0
95132,0
95145,1
95149,0
95156,7
95163,0
95176,7
95191,7
95195,0
95199,7
95201,0
95206,0
95215,7
95236,0
95265,0
95297,7
95307,7
95308,0
95314,0
95340,7
95347,7
95354,7
95365,7
95368,0
95373,7
95393,0
95414,7
95415,0
95425,0
95433,7
95467,7
95476,1
95530,6
95584,5
95631,0
95638,6
95643,0
95658,0
95661,0
95689,0
95692,1
95694,7
95698,0
95728,0
95746,5
95800,6
95854,6
95875,0
95908,6
95920,7
95962,3
96005,7
96016,4
96070,2
96087,0
96124,6
96129,7
96147,0
96150,0
96172,1
96178,4
96204,7
96216,7
96232,4
96286,6
96320,0
96340,1
96369,0
96394,6
96396,7
96423,0
96448,5
96502,5
96504,7
96556,1
96576,0
96592,0
96609,7
96610,1
96664,1
96676,0
96679,0
96718,7
96726,0
96732,7
96756,0
96783,7
96833,7
96865,0
96880,0
96887,7
96941,0
96954,0
96995,1
97016,0
97049,5
97058,0
97070,0
97103,1
97115,0
97148,0
97157,5
97211,5
97265,1
97271,7
97281,0
97283,0
97303,7
97313,0
97319,6
97373,4
97410,0
97427,4
97444,0
97454,0
97460,0
97481,4
97517,0
97527,7
97535,2
97548,7
97589,3
97591,0
97606,0
97639,0
97643,4
97663,7
97668,0
97678,0
97697,3
97751,6
97768,0
97783,0
97794,7
97805,3
97845,0
97854,7
97859,3
97866,0
97913,6
97959,7
97967,6
98020,7
98021,5
98047,0
98055,0
98075,5
98101,7
98106,7
98129,7
98178,0
98182,7
98183,5
98190,0
98197,0
98198,7
98237,0
98244,0
98257,0
98259,7
98264,0
98291,7
98294,0
98308,7
98335,7
98338,0
98352,7
98370,7
98399,0
98406,1
98442,0
98460,1
98491,7
98498,0
98507,0
98514,1
98517,7
98518,0
98528,7
98556,0
98561,0
98564,0
98568,1
98575,0
98622,1
98676,5
98700,0
98714,7
98730,5
98735,0
98737,0
98784,5
98814,0
98818,7
98838,3
98853,0
98854,0
98880,0
98892,6
98897,0
98909,7
98938,0
98946,4
98978,0
98991,0
