+-------+----------+----------+-------------+---------+
|user_sk|orderRatio|itemsRatio|monetaryRatio|frequency|
+-------+----------+----------+-------------+---------+
|      2|       0.1| 0.0595745|     0.051983|        3|
|      3|       0.0|       0.0|          0.0|        0|
|      4|       0.0|       0.0|          0.0|        0|
|      7| 0.3333333|      0.04|    0.0175497|        1|
|     12|       0.0|       0.0|          0.0|        0|
|     16|       0.0|       0.0|          0.0|        0|
|     17|       1.0| 0.5714286|    0.2275411|        1|
|     19|       0.0|       0.0|          0.0|        0|
|     22|       0.0|       0.0|          0.0|        0|
|     23|       0.5| 0.1666667|    0.1366843|        1|
|     30|       0.0|       0.0|          0.0|        0|
|     31|       1.0|      0.25|    0.4410076|        1|
|     32|       0.0|       0.0|          0.0|        0|
|     37|       0.0|       0.0|          0.0|        0|
|     38|       0.0|       0.0|          0.0|        0|
|     39|       0.0|       0.0|          0.0|        0|
|     40|       0.0|       0.0|          0.0|        0|
|     42|       0.0|       0.0|          0.0|        0|
|     49|       0.0|       0.0|          0.0|        0|
|     50|       0.0|       0.0|          0.0|        0|
+-------+----------+----------+-------------+---------+